15 15 1606043649
21 17 1606043649
37 18 1606043649
49 19 1606043649
112 20 1606043649
129 23 1606043649
132 24 1606043649
142 25 1606043649
15 15.0189 1606043679
21 17.2472 1606043679
37 18.2257 1606043679
49 18.8479 1606043679
112 19.8089 1606043679
129 22.8313 1606043679
132 23.7759 1606043679
142 24.9673 1606043679
15 15.1742 1606043709
21 17.162 1606043709
37 18.457 1606043709
49 19.0977 1606043709
112 19.9213 1606043709
129 22.7757 1606043709
132 23.7245 1606043709
142 24.9872 1606043709
15 15.405 1606043739
21 17.0968 1606043739
37 18.2917 1606043739
49 19.2604 1606043739
112 19.8817 1606043739
129 22.825 1606043739
132 23.8584 1606043739
142 25.0065 1606043739
15 15.5709 1606043769
21 17.2666 1606043769
37 18.4615 1606043769
49 19.1329 1606043769
112 19.7656 1606043769
129 23.0196 1606043769
132 23.7746 1606043769
142 25.0944 1606043769
15 15.592 1606043799
21 17.4692 1606043799
37 18.4904 1606043799
49 19.2451 1606043799
112 19.5859 1606043799
129 22.7814 1606043799
132 23.8743 1606043799
142 24.9666 1606043799
15 15.4916 1606043829
21 17.332 1606043829
37 18.6157 1606043829
49 19.3476 1606043829
112 19.6402 1606043829
129 22.8207 1606043829
132 23.9543 1606043829
142 24.9643 1606043829
15 15.2666 1606043859
21 17.5156 1606043859
37 18.7025 1606043859
49 19.3984 1606043859
112 19.7544 1606043859
129 22.8895 1606043859
132 24.0995 1606043859
142 24.7299 1606043859
15 15.0571 1606043889
21 17.2841 1606043889
37 18.7716 1606043889
49 19.4794 1606043889
112 19.9936 1606043889
129 23.0173 1606043889
132 24.0416 1606043889
142 24.8426 1606043889
15 15.1351 1606043919
21 17.2054 1606043919
37 18.9764 1606043919
49 19.4023 1606043919
112 20.0782 1606043919
129 22.8613 1606043919
132 23.8039 1606043919
142 24.6286 1606043919
15 15.0032 1606043949
21 17.1033 1606043949
37 18.7367 1606043949
49 19.2115 1606043949
112 19.9103 1606043949
129 22.813 1606043949
132 23.62 1606043949
142 24.7501 1606043949
15 15.0732 1606043979
21 16.8923 1606043979
37 18.5897 1606043979
49 19.1307 1606043979
112 19.7393 1606043979
129 22.919 1606043979
132 23.8632 1606043979
142 24.5283 1606043979
15 15.2007 1606044009
21 16.7202 1606044009
37 18.4861 1606044009
49 18.9881 1606044009
112 19.5291 1606044009
129 22.8877 1606044009
132 23.6359 1606044009
142 24.7749 1606044009
15 14.9751 1606044039
21 16.5782 1606044039
37 18.5608 1606044039
49 19.0636 1606044039
112 19.4816 1606044039
129 22.8574 1606044039
132 23.821 1606044039
142 24.7203 1606044039
15 14.816 1606044069
21 16.3288 1606044069
37 18.6812 1606044069
49 18.8943 1606044069
112 19.3831 1606044069
129 23.0785 1606044069
132 23.8711 1606044069
142 24.9399 1606044069
15 14.8087 1606044099
21 16.1194 1606044099
37 18.6427 1606044099
49 19.1154 1606044099
112 19.4139 1606044099
129 23.1167 1606044099
132 23.9768 1606044099
142 25.0162 1606044099
15 15.0214 1606044129
21 16.0061 1606044129
37 18.5696 1606044129
49 19.1734 1606044129
112 19.2632 1606044129
129 22.9895 1606044129
132 24.104 1606044129
142 25.0438 1606044129
15 14.9977 1606044159
21 15.971 1606044159
37 18.7256 1606044159
49 18.9833 1606044159
112 19.2632 1606044159
129 23.2116 1606044159
132 24.2829 1606044159
142 25.0092 1606044159
15 14.9006 1606044189
21 16.001 1606044189
37 18.8557 1606044189
49 19.0888 1606044189
112 19.2537 1606044189
129 23.4251 1606044189
132 24.0633 1606044189
142 25.0629 1606044189
15 15.1147 1606044219
21 16.1621 1606044219
37 18.7152 1606044219
49 18.8821 1606044219
112 19.4745 1606044219
129 23.5225 1606044219
132 24.2879 1606044219
142 25.2767 1606044219
15 15.1835 1606044249
21 16.2764 1606044249
37 18.9039 1606044249
49 18.7119 1606044249
112 19.3929 1606044249
129 23.3274 1606044249
132 24.3598 1606044249
142 25.1442 1606044249
15 14.9806 1606044279
21 16.0419 1606044279
37 18.8558 1606044279
49 18.5297 1606044279
112 19.4759 1606044279
129 23.3656 1606044279
132 24.574 1606044279
142 25.3711 1606044279
15 15.1818 1606044309
21 15.8644 1606044309
37 18.6564 1606044309
49 18.3503 1606044309
112 19.4608 1606044309
129 23.431 1606044309
132 24.4162 1606044309
142 25.4105 1606044309
15 15.133 1606044339
21 15.933 1606044339
37 18.603 1606044339
49 18.5047 1606044339
112 19.6068 1606044339
129 23.4171 1606044339
132 24.5903 1606044339
142 25.2581 1606044339
15 15.2882 1606044369
21 15.8119 1606044369
37 18.4127 1606044369
49 18.7065 1606044369
112 19.6963 1606044369
129 23.6367 1606044369
132 24.4935 1606044369
142 25.2413 1606044369
15 15.2355 1606044399
21 15.6804 1606044399
37 18.5534 1606044399
49 18.6012 1606044399
112 19.6306 1606044399
129 23.4782 1606044399
132 24.4927 1606044399
142 25.4296 1606044399
15 15.1353 1606044429
21 15.4722 1606044429
37 18.6441 1606044429
49 18.4877 1606044429
112 19.7979 1606044429
129 23.639 1606044429
132 24.2484 1606044429
142 25.3816 1606044429
15 15.3644 1606044459
21 15.6755 1606044459
37 18.5768 1606044459
49 18.5585 1606044459
112 19.9306 1606044459
129 23.7286 1606044459
132 24.0585 1606044459
142 25.2362 1606044459
15 15.5042 1606044489
21 15.6175 1606044489
37 18.7797 1606044489
49 18.566 1606044489
112 19.8631 1606044489
129 23.6269 1606044489
132 23.8342 1606044489
142 25.1765 1606044489
15 15.7248 1606044519
21 15.7886 1606044519
37 18.6955 1606044519
49 18.5486 1606044519
112 19.9121 1606044519
129 23.5227 1606044519
132 23.9478 1606044519
142 25.0467 1606044519
15 15.8059 1606044549
21 15.819 1606044549
37 18.9244 1606044549
49 18.4169 1606044549
112 19.9718 1606044549
129 23.4148 1606044549
132 23.8934 1606044549
142 24.9161 1606044549
15 15.7074 1606044579
21 15.7379 1606044579
37 18.8968 1606044579
49 18.5574 1606044579
112 19.8108 1606044579
129 23.4483 1606044579
132 24.0451 1606044579
142 25.1636 1606044579
15 15.9512 1606044609
21 15.7686 1606044609
37 18.7361 1606044609
49 18.4436 1606044609
112 19.9181 1606044609
129 23.6432 1606044609
132 23.8689 1606044609
142 25.2211 1606044609
15 15.8144 1606044639
21 15.7693 1606044639
37 18.9619 1606044639
49 18.3001 1606044639
112 20.0319 1606044639
129 23.7726 1606044639
132 23.8181 1606044639
142 24.9854 1606044639
15 15.6597 1606044669
21 15.6829 1606044669
37 19.2113 1606044669
49 18.4215 1606044669
112 20.1509 1606044669
129 23.7259 1606044669
132 23.8965 1606044669
142 25.0869 1606044669
15 15.8426 1606044699
21 15.6226 1606044699
37 19.0355 1606044699
49 18.5649 1606044699
112 20.3224 1606044699
129 23.5635 1606044699
132 24.09 1606044699
142 25.226 1606044699
15 15.7497 1606044729
21 15.6578 1606044729
37 18.8946 1606044729
49 18.6805 1606044729
112 20.2773 1606044729
129 23.5034 1606044729
132 24.1184 1606044729
142 25.1488 1606044729
15 15.8292 1606044759
21 15.6051 1606044759
37 19.0598 1606044759
49 18.8831 1606044759
112 20.5022 1606044759
129 23.6838 1606044759
132 24.3261 1606044759
142 25.0654 1606044759
15 15.6858 1606044789
21 15.8112 1606044789
37 19.0509 1606044789
49 18.7654 1606044789
112 20.5397 1606044789
129 23.6005 1606044789
132 24.0953 1606044789
142 24.9199 1606044789
15 15.6246 1606044819
21 15.6905 1606044819
37 18.8354 1606044819
49 18.6764 1606044819
112 20.6577 1606044819
129 23.5152 1606044819
132 23.996 1606044819
142 24.9261 1606044819
15 15.6527 1606044849
21 15.7762 1606044849
37 18.6056 1606044849
49 18.7 1606044849
112 20.4757 1606044849
129 23.2676 1606044849
132 24.0719 1606044849
142 24.6963 1606044849
15 15.5737 1606044879
21 15.911 1606044879
37 18.3715 1606044879
49 18.5397 1606044879
112 20.6247 1606044879
129 23.1801 1606044879
132 24.2764 1606044879
142 24.6302 1606044879
15 15.6602 1606044909
21 16.0795 1606044909
37 18.1796 1606044909
49 18.6043 1606044909
112 20.5193 1606044909
129 23.0233 1606044909
132 24.1846 1606044909
142 24.5136 1606044909
15 15.6474 1606044939
21 15.9065 1606044939
37 18.3283 1606044939
49 18.5661 1606044939
112 20.7672 1606044939
129 23.1889 1606044939
132 24.3189 1606044939
142 24.5152 1606044939
15 15.6714 1606044969
21 15.6602 1606044969
37 18.3135 1606044969
49 18.7967 1606044969
112 20.6064 1606044969
129 23.1996 1606044969
132 24.283 1606044969
142 24.4837 1606044969
15 15.4822 1606044999
21 15.8423 1606044999
37 18.2516 1606044999
49 18.63 1606044999
112 20.4797 1606044999
129 23.3507 1606044999
132 24.5122 1606044999
142 24.6476 1606044999
15 15.4877 1606045029
21 15.7604 1606045029
37 18.4969 1606045029
49 18.6396 1606045029
112 20.3943 1606045029
129 23.5261 1606045029
132 24.3673 1606045029
142 24.5272 1606045029
15 15.6458 1606045059
21 16.0063 1606045059
37 18.4425 1606045059
49 18.7952 1606045059
112 20.5205 1606045059
129 23.4456 1606045059
132 24.1273 1606045059
142 24.5924 1606045059
15 15.61 1606045089
21 16.1387 1606045089
37 18.388 1606045089
49 18.767 1606045089
112 20.509 1606045089
129 23.6762 1606045089
132 24.2265 1606045089
142 24.4636 1606045089
15 15.5631 1606045119
21 16.2415 1606045119
37 18.2008 1606045119
49 18.5187 1606045119
112 20.7068 1606045119
129 23.5669 1606045119
132 24.4397 1606045119
142 24.2634 1606045119
15 15.5335 1606045149
21 16.0319 1606045149
37 18.1254 1606045149
49 18.4616 1606045149
112 20.7828 1606045149
129 23.731 1606045149
132 24.1938 1606045149
142 24.1085 1606045149
15 15.3981 1606045179
21 15.9695 1606045179
37 18.3245 1606045179
49 18.5764 1606045179
112 20.6785 1606045179
129 23.7014 1606045179
132 24.3803 1606045179
142 24.1927 1606045179
15 15.4243 1606045209
21 16.012 1606045209
37 18.4088 1606045209
49 18.826 1606045209
112 20.7465 1606045209
129 23.8039 1606045209
132 24.5195 1606045209
142 23.9706 1606045209
15 15.3011 1606045239
21 15.9075 1606045239
37 18.6424 1606045239
49 18.6404 1606045239
112 20.8653 1606045239
129 24.0266 1606045239
132 24.4733 1606045239
142 24.1288 1606045239
15 15.361 1606045269
21 15.8597 1606045269
37 18.5383 1606045269
49 18.5257 1606045269
112 20.6906 1606045269
129 24.1041 1606045269
132 24.69 1606045269
142 24.3323 1606045269
15 15.2939 1606045299
21 15.6795 1606045299
37 18.5019 1606045299
49 18.689 1606045299
112 20.4643 1606045299
129 24.0635 1606045299
132 24.7773 1606045299
142 24.1836 1606045299
15 15.3164 1606045329
21 15.7955 1606045329
37 18.3786 1606045329
49 18.7548 1606045329
112 20.4113 1606045329
129 23.9993 1606045329
132 24.6078 1606045329
142 23.9398 1606045329
15 15.1805 1606045359
21 15.8682 1606045359
37 18.5279 1606045359
49 18.9395 1606045359
112 20.1636 1606045359
129 24.2335 1606045359
132 24.752 1606045359
142 23.8211 1606045359
15 15.2883 1606045389
21 15.8861 1606045389
37 18.7275 1606045389
49 18.7087 1606045389
112 20.3078 1606045389
129 24.178 1606045389
132 24.8767 1606045389
142 23.7176 1606045389
15 15.2297 1606045419
21 15.6553 1606045419
37 18.6138 1606045419
49 18.7416 1606045419
112 20.523 1606045419
129 24.0296 1606045419
132 24.9298 1606045419
142 23.7904 1606045419
15 14.9815 1606045449
21 15.6619 1606045449
37 18.8419 1606045449
49 18.726 1606045449
112 20.2972 1606045449
129 23.7923 1606045449
132 25.0186 1606045449
142 23.8667 1606045449
15 14.9956 1606045479
21 15.5412 1606045479
37 18.9994 1606045479
49 18.879 1606045479
112 20.3464 1606045479
129 23.9193 1606045479
132 24.9797 1606045479
142 23.6788 1606045479
15 15.1776 1606045509
21 15.4582 1606045509
37 18.8922 1606045509
49 18.8886 1606045509
112 20.5663 1606045509
129 23.9999 1606045509
132 24.7818 1606045509
142 23.8961 1606045509
15 14.9989 1606045539
21 15.2368 1606045539
37 18.9361 1606045539
49 18.9764 1606045539
112 20.5595 1606045539
129 23.7602 1606045539
132 24.7073 1606045539
142 24.071 1606045539
15 14.9192 1606045569
21 15.2131 1606045569
37 18.8862 1606045569
49 18.7506 1606045569
112 20.4776 1606045569
129 23.6091 1606045569
132 24.7814 1606045569
142 24.0766 1606045569
15 15.1103 1606045599
21 15.1644 1606045599
37 18.8335 1606045599
49 18.7145 1606045599
112 20.5294 1606045599
129 23.4169 1606045599
132 24.7403 1606045599
142 23.8713 1606045599
15 14.873 1606045629
21 14.9274 1606045629
37 18.6219 1606045629
49 18.4948 1606045629
112 20.499 1606045629
129 23.5638 1606045629
132 24.5452 1606045629
142 24.0016 1606045629
15 14.8376 1606045659
21 15.1058 1606045659
37 18.4264 1606045659
49 18.3111 1606045659
112 20.4414 1606045659
129 23.4292 1606045659
132 24.6096 1606045659
142 24.1604 1606045659
15 14.7248 1606045689
21 15.2164 1606045689
37 18.5013 1606045689
49 18.1923 1606045689
112 20.3293 1606045689
129 23.2932 1606045689
132 24.6192 1606045689
142 24.3759 1606045689
15 14.8318 1606045719
21 15.379 1606045719
37 18.3951 1606045719
49 18.2272 1606045719
112 20.2696 1606045719
129 23.4916 1606045719
132 24.6388 1606045719
142 24.5232 1606045719
15 14.6979 1606045749
21 15.3546 1606045749
37 18.5514 1606045749
49 18.4735 1606045749
112 20.4375 1606045749
129 23.4844 1606045749
132 24.7212 1606045749
142 24.3501 1606045749
15 14.7925 1606045779
21 15.5274 1606045779
37 18.5176 1606045779
49 18.3132 1606045779
112 20.5594 1606045779
129 23.6632 1606045779
132 24.5152 1606045779
142 24.1049 1606045779
15 14.7731 1606045809
21 15.4366 1606045809
37 18.2746 1606045809
49 18.2947 1606045809
112 20.5404 1606045809
129 23.6216 1606045809
132 24.5107 1606045809
142 24.1542 1606045809
15 14.5631 1606045839
21 15.349 1606045839
37 18.3263 1606045839
49 18.1137 1606045839
112 20.6612 1606045839
129 23.6395 1606045839
132 24.6209 1606045839
142 24.2132 1606045839
15 14.4295 1606045869
21 15.2528 1606045869
37 18.4647 1606045869
49 18.1132 1606045869
112 20.5894 1606045869
129 23.671 1606045869
132 24.3766 1606045869
142 23.9812 1606045869
15 14.5734 1606045899
21 15.193 1606045899
37 18.3848 1606045899
49 18.3026 1606045899
112 20.7315 1606045899
129 23.5753 1606045899
132 24.1596 1606045899
142 24.1065 1606045899
15 14.7106 1606045929
21 15.1969 1606045929
37 18.3977 1606045929
49 18.1667 1606045929
112 20.6407 1606045929
129 23.5753 1606045929
132 24.2257 1606045929
142 24.0075 1606045929
15 14.8967 1606045959
21 15.2986 1606045959
37 18.1983 1606045959
49 18.2253 1606045959
112 20.746 1606045959
129 23.3594 1606045959
132 24.3225 1606045959
142 24.1695 1606045959
15 14.6617 1606045989
21 15.4998 1606045989
37 18.3241 1606045989
49 18.1757 1606045989
112 20.5328 1606045989
129 23.258 1606045989
132 24.0881 1606045989
142 24.1318 1606045989
15 14.5549 1606046019
21 15.5477 1606046019
37 18.4123 1606046019
49 18.2772 1606046019
112 20.4406 1606046019
129 23.4024 1606046019
132 24.1933 1606046019
142 23.9982 1606046019
15 14.6688 1606046049
21 15.3021 1606046049
37 18.4614 1606046049
49 18.1713 1606046049
112 20.5955 1606046049
129 23.6201 1606046049
132 24.4351 1606046049
142 23.9544 1606046049
15 14.8156 1606046079
21 15.3512 1606046079
37 18.3508 1606046079
49 18.3536 1606046079
112 20.5263 1606046079
129 23.4068 1606046079
132 24.2993 1606046079
142 23.9796 1606046079
15 14.9721 1606046109
21 15.5548 1606046109
37 18.2006 1606046109
49 18.2787 1606046109
112 20.668 1606046109
129 23.5513 1606046109
132 24.4405 1606046109
142 24.2107 1606046109
15 15.0917 1606046139
21 15.4868 1606046139
37 18.0886 1606046139
49 18.3575 1606046139
112 20.696 1606046139
129 23.7529 1606046139
132 24.6723 1606046139
142 24.2694 1606046139
15 15.1123 1606046169
21 15.4565 1606046169
37 18.0162 1606046169
49 18.1626 1606046169
112 20.5 1606046169
129 23.7576 1606046169
132 24.4962 1606046169
142 24.313 1606046169
15 15.1637 1606046199
21 15.5526 1606046199
37 18.1482 1606046199
49 18.2578 1606046199
112 20.371 1606046199
129 23.538 1606046199
132 24.4906 1606046199
142 24.137 1606046199
15 15.3061 1606046229
21 15.6106 1606046229
37 18.0826 1606046229
49 18.4747 1606046229
112 20.1653 1606046229
129 23.7476 1606046229
132 24.6252 1606046229
142 24.3472 1606046229
15 15.3112 1606046259
21 15.8011 1606046259
37 18.0543 1606046259
49 18.4445 1606046259
112 20.3061 1606046259
129 23.974 1606046259
132 24.8313 1606046259
142 24.4633 1606046259
15 15.2382 1606046289
21 15.8086 1606046289
37 17.8736 1606046289
49 18.5174 1606046289
112 20.4145 1606046289
129 24.1018 1606046289
132 25.0171 1606046289
142 24.312 1606046289
15 15.0515 1606046319
21 15.9608 1606046319
37 17.8764 1606046319
49 18.6278 1606046319
112 20.6028 1606046319
129 24.2515 1606046319
132 25.2657 1606046319
142 24.2439 1606046319
15 14.9929 1606046349
21 15.8149 1606046349
37 18.0396 1606046349
49 18.4708 1606046349
112 20.4468 1606046349
129 24.1841 1606046349
132 25.2444 1606046349
142 24.0804 1606046349
15 15.0473 1606046379
21 15.7571 1606046379
37 18.0303 1606046379
49 18.2878 1606046379
112 20.3522 1606046379
129 24.1445 1606046379
132 25.4929 1606046379
142 24.2654 1606046379
15 14.8375 1606046409
21 15.7572 1606046409
37 18.126 1606046409
49 18.4057 1606046409
112 20.379 1606046409
129 24.2422 1606046409
132 25.2988 1606046409
142 24.5026 1606046409
15 14.8591 1606046439
21 15.6858 1606046439
37 18.0092 1606046439
49 18.1798 1606046439
112 20.5561 1606046439
129 24.0351 1606046439
132 25.4078 1606046439
142 24.6905 1606046439
15 14.8077 1606046469
21 15.6931 1606046469
37 18.2173 1606046469
49 17.9367 1606046469
112 20.7436 1606046469
129 23.8771 1606046469
132 25.4182 1606046469
142 24.7631 1606046469
15 14.5797 1606046499
21 15.6927 1606046499
37 18.3533 1606046499
49 18.1573 1606046499
112 20.6526 1606046499
129 23.7026 1606046499
132 25.4629 1606046499
142 24.6033 1606046499
15 14.5352 1606046529
21 15.6498 1606046529
37 18.3607 1606046529
49 18.2464 1606046529
112 20.6464 1606046529
129 23.6472 1606046529
132 25.2591 1606046529
142 24.5454 1606046529
15 14.5031 1606046559
21 15.7624 1606046559
37 18.5688 1606046559
49 18.0786 1606046559
112 20.8941 1606046559
129 23.6261 1606046559
132 25.3841 1606046559
142 24.6312 1606046559
15 14.4924 1606046589
21 15.9063 1606046589
37 18.6403 1606046589
49 17.8436 1606046589
112 20.7651 1606046589
129 23.6073 1606046589
132 25.2993 1606046589
142 24.7482 1606046589
15 14.3432 1606046619
21 16.0117 1606046619
37 18.8437 1606046619
49 17.815 1606046619
112 21.0057 1606046619
129 23.7157 1606046619
132 25.2637 1606046619
142 24.5796 1606046619
